                             Completed Ions 

        config      levels   ________E1 lines__________
       even odd  even   odd  good wl    total  old good  

H I                                              1204

He I                                             1631  He II                                             469  

Li I     35  32    59    59      938      938     568    9 FEB 2015
Li II                                             142  
LI III

Be I     61  58   366   320     3822    23574      53    2 MAR 2015Be II    35  32    59    64      714     1418     234    6 MAY 2015Be III                                             29  
Be IV 

B I      64  65   744   805     1370    22012     118   15 MAY 2015B II     61  61   366   404     5130    34046      44   24 APR 2015B III    35  32    59    64      794     1436     131   25 APR 2015
B IV
B V

C I      72  74  1722  1778    33037   250828    7852   19 JUN 2015C II     58  54   807   762     4148    26735     979    3 JAN 2014
C III    61  61   366   404     8173    38826     493    4 NOV 2013
C IV     67  62   358   44      2028     9408     201   20 SEP 2014
C V
C VI

N I      77  72  2322  2155    14484   356876    6708    4 AUG 2014N II     60  60  1566  1578     4105   169232    1533   19 JUL 2014N III    80  77   972  1005    12770    83172     402   31 JUL 2014
N IV     63  58   374   320    11171    39056     499   29 MAY 2015
N V      67  62   358   443     1337     9969     233   17 MAY 2015
N VI                                               24
N VII

O I      61  61  2074  1848    13484   109396    1275   16 DEC 2013O II     60  60  1886  1851     9598   296883    2182   26 APR 2014O III    61  61  1500  1480     8665   268905    1069   30 MAY 2014  O IV     58  54   807   762     5742    58706     550    3 MAR 2011
O V      61  58   366   320     3453    41072     529   23 MAY 2015
O VI     67  62   358   443     1243     9508     218   19 MAY 2015 (25JUL15 *.all*)
O VII
O VIII

F I      48  46   997   962     5461   131375    1602   17 JAN 2015
F II     59  60  2026  2214     9355   206549    1558   11 JAN 2015
F III    64  60  2033  1851     9835   389119    3737   29 DEC 2014
F IV     61  61  1500  1480     4413   342404     807   18 OCT 2016
F V      58  54   807   762     3208    93392     273   15 OCT 2016
F VI     61  58   366   320     3788    42824      13   21 OCT 2016

Ne I     54  55   397   380    15361    49187    3955   12 MAY 2013
Ne II    48  46   997   962    18465   178364    5585   30 JAN 2015 
Ne III   59  60  2026  2214     9464   307791     439   21 JAN 2015 
Ne IV    64  60  2033  1851     7654   479643     604    2 OCT 2016
Ne V     61  61  1500  1480     3700   405039     209    6 OCT 2016
Ne VI    58  54   807   762     3292   107912      59   13 OCT 2016

Na I     68  79  1255  1894     4456    32848     393   11 SEP 2012
Na II    54  55   397   380     4161    52696     181   13 MAY 2013
Na III   48  46   997   962     1867   211479     559   14 JUN 2013
Na IV    59  60  2826  2214     1372   506803     136   29 AUG 2016
Na V     64  60  2033  1851     1475   563935     255    3 OCT 2016
Na VI    61  61  1500  1480     2146   507933     451   10 OCT 2016

Mg I     61  61   272   316    11127    22612    2672   14 JUL 2009 {9DEC16 *.all*)
Mg II    44  43   155   169     2832     6018     580    1 FEB 2013
Mg III   34  35   257   260     1839    21805     846   13 DEC 2012
Mg IV    48  46   997   962     3246   242202     268   16 SEP 2016
Mg V     59  60  2826  2214      750   692686     160   24 AUG 2016
Mg VI    64  60  2033  1851     2073   656167     292   20 SEP 2016
 
Al I     67  71   936   952     3255    29081     870    8 MAY 2012
Al II    66  58   435   504     4847    31420    3184   21 MAY 2012
Al III   44  43   155   124     2839     5145     369   11 FEB 2013
Al IV    40  41   309   308     1745    29977     147   16 AUG 2016
Al V     46  48   997   962     2826   273987      90   13 SEP 2016
Al VI    59  60  2826  2214     1003   852042     115   28 AUG 2016

Si I     61  61  1616  1588    10578   190165    6835   16 JUN 2012 (26JUN16 *.all*)
Si II    61  65   892   872     3006    36508     919    5 JUN 2015
Si III   54  50   363   424     2726    25109    1535    9 MAR 2013 ( 2JUN15 *.all*)
Si IV    44  42   155   124     2440     5033     326   12 FEB 2013
Si V     34  35   257   260     1156    22442     131   17 AUG 2016
Si VI    48  46   997   962     1868   279058      52    9 SEP 2016

P I      32  34  1278  1109    12272   202300    1218   22 MAR 2013
P II     61  61  1616  1638     2954   217038    1095    6 FEB 2012
P III    61  61   668   751     2223    60141     163   24 MAR 2013
P IV     60  56   435   496     4807    43431     198   14 AUG 2016
P V      44  42   155   124      587     4941     221   18 AUG 2016
P VI     34  35   257   260      487    27643       9   18 AUG 2016

S I      61  61  2161  2270    24722   225605     834   21 OCT 2004 (22JUN15 *.all*)
S II     34  32  1278  1109     7275   275137     742   28 MAR 2013
S III    61  61  1616  1638      433   298390     191   27 APR 2013
S IV     61  61   668   751     2968    87349      73    7 AUG 2016
S V      54  50   363   424     2182    34300      41    8 AUG 2016
S VI     44  42   155   124      782     4985       0   19 AUG 2016

Cl I     61  61   865   863    17528   256337    3491    4 MAR 2013
Cl II    61  61  1604  1506     9561   258102    1450   25 FEB 2013
Cl III   34  33  1278  1111      949   364878     719    3 MAR 2013
Cl IV    61  61  1616  1638      238   369835     134   31 JUL 2016
Cl V     61  61   668   751      153   108825      71    5 AUG 2016
Cl VI    61  61   467   540      610    69047       0    8 AUG 2016
  
Ar I     52  53   405   396    16649    49824    3553    2 SEP 2011
Ar II    47  47  1001  1024    17188   230953    6982    2 SEP 2011
Ar III   48  48  1682  1790     1881   419776    1008    2 SEP 2011
Ar IV    33  34  1278  1111      486   409425     149    2 AUG 2016
Ar V     61  61  1616  1638      325   446472      56   29 JUL 2016
Ar VI    61  61   668   751      327   137526       0    5 AUG 2016


K I      83  88  1497  1388     2472    49987     732    5 FEB 2012
K II     52  53   405   396     1125    55355      67   18 MAR 2012
K III    47  47  1001  1024      211   313550     232   21 FEB 2013
K IV     53  54  1555  1201      109   548287      65    3 AUG 2016
K V      33  34  1278  1111      146   447194     124   31 JUL 2016
K VI     61  61  1616  1638       75   508408       0   28 JUL 2016

        config      levels   ________E1 lines__________
       even odd  even   odd  good wl    total old total 

Ca I     61  61   515   612    25251    46062   48573    2 JUN 2013
Ca II    57  56  1497  1388     2433    50436    4227   13 NOV 2010
Ca III   52  53   405   396     2897    58089   11740   26 JAN 2012
Ca IV    56  52  1555  1201     1693   569544  113121   11 APR 2016
Ca V     53  54  1453  1456      121   621461  330004   10 APR 2016
Ca VI    34  33  1278  1111      111   492358  217929   13 APR 2016
Ca VII   67  65  1802  1742      386   601122  125560   18 APR 2016
Ca VIII  61  61   668   751      462   172048   30156   21 APR 2016
Ca IX    68  80   595   832     1042    80906   22803   25 APR 2016

Sc I     61  61  2014  2318    15546   737992  191253   17 FEB 2009Sc II    61  61   509   644     3436   116491   49811    9 JAN 2009Sc III   39  38   134   147     1313     5271    1578   16 FEB 2013Sc IV    32  33   245   252     1599    22348   16985    5 JUL 2015 Sc V     56  52  1555  1201     2180   645368  130563   20 OCT 2009
Sc VI    53  54  1454  1456      119   671701  456400    9 APR 2016
Sc VII   34  33  1278  1111      124   532198  227121   14 APR 2016
Sc VIII  67  65  1802  1742       72   669845  136986   19 APR 2016
Sc IX    61  61   668   751      387   190211   30587   27 APR 2016

Ti I     61  61  6628  7350    35085  5074395  867399    5 FEB 2016Ti II    61  61  2096  2318     8249   897985  264867   12 FEB 2016Ti III   73  68  3636  3845     4090   499739   23742   27 AUG 2010Ti IV    39  38   134   147     1844     7764    5079   19 FEB 2013
Ti V     32  33   245   252      498   116840   37610   19 JUL 2015
Ti VI    56  52  1555  1201     2844   695487  155919   25 MAR 2016
Ti VII   53  54  1454  1456      143   702567  356808    8 APR 2016
Ti VIII  34  33  1278  1111      128   551270  230705   14 APR 2016
Ti IX    67  65  1802  1742       79   719452  139356   20 APR 2016

V I      61  61 13767 15952    23342  7043556 1156790   11 AUG 2011 (25JUL15 *.all* + hy*)V II     61  61  6740  7422    18752  4347535  925330    9 JUL 2013 (25AUG14 *.all* + hy*)V III    61  61  2094  2318     9892   966528  284003   15 SEP 2010
V IV     61  61   509   636     1304   108495   61630   15 AUG 2015
V V      33  32   134   147      450     9634    8427   16 AUG 2015
V VI     32  33   245   252      526   119797   39525    7 AUG 2015
V VII    56  52  1555  1201       36   720329  160652    1 APR 2016
V VIII   53  54  1454  1456       92   737661  443343    9 APR 2016
V IX     34  33  2378  1111      111   576296  231753   15 APR 2016


Cr I     47  40 18842 18660    37147  2751796  434773   22 JAN 2016 (25JAN2017 *.all*)Cr II    61  61 13767 15890    90613  8683460 1304043   27 JAN 2016Cr III   61  61  6560  7526    13150  6436134  990951   22 JUL 2014 
Cr IV    61  61  2094  2318     2590  1044865  366851    6 SEP 2015
Cr V     61  61   509   636      252   109427   73222    5 SEP 2015
Cr VI    33  32   134   147      357    10125   10886   17 AUG 2015
Cr VII   32  33   245   253      590   121069   39668   13 AUG 2015
Cr VIII  56  52  1555  1281       35   729126  164228    2 APR 2016
Cr IX    53  54  1453  1456       80   756558  454312    9 APR 2016
Cr X                                                0

Mn I     44  39 18343 19652    16798  1481464  327741   21 JAN 2007 (23NOV15 *.all* + hy*)Mn II    50  41 19686 19870    42000  5136978  878996    2 SEP 2016Mn III   61  61 13706 15890    17294 10525088 1589314   23 JUL 2010
Mn IV    61  61  6560  7526     2742  6731193 1033926   19 AUG 2015
Mn V     61  61  2094  2461      917  1140407  450293    8 SEP 2015   
Mn VI    61  61   747   820     1468   222649   79068   14 SEP 2015
Mn VII   33  32   134   147      204    10236   14024   18 AUG 2015
Mn VIII  32  33   245   253      126   121463   39770   14 AUG 2015
Mn IX    56  52  1555  1281       39   738190  147442    6 APR 2016
Mn X                                                0

Fe I     61  50 18655 18850   126290  7501218  789176   25 FEB 2018
Fe II    46  39 19771 19652   124654  7834553 1264969    8 DEC 2013
Fe III   49  41 19720 19820    37093 10799751 1604934   25 JUN 2015
Fe IV    61  54 13767 14211     8408 14617228 1776984   24 AUG 2006
Fe V     61  61  6560  7526    11417  7785320 1008385   21 AUG 2006
Fe VI    73  73  2094  2496     3534  9072714  475750   16 AUG 2010
Fe VII   85  86  7132  7032     2326  2816992   90250    9 JUL 2010
Fe VIII  52  52  1365  1244      233   220166   14561   20 JUL 2010
Fe IX    32  33   245   252      281   123563   39346   11 AUG 2015
Fe X     56  52  1555  1281      346   749848       0    6 APR 2016

Co I     61  61 10920 13085    15441  3771900  546130   24 OCT 2008 (15DEC16 *.all* + hy*)
Co II    61  50 18655 19364    23693  7951282 1361114    8 APR 2018
Co III   44  39 18343 19652     9356 11515139 2198940   23 AUG 2010
Co IV    49  41 19720 19820     9178 14416296 1569347   23 AUG 2015
Co V     61  61 13767 15693     7875 17989106 2032402   24 AUG 2015
Co VI    61  61  6560  7526     3725  7226567 1089039    3 SEP 2015
Co VII   73  74 12727  9458     1153 11278682  562192   16 MAR 2016
Co VIII  61  61   509   820      801   156222   88976   21 FEB 2016
Co IX    52  52  1365  1244      180   155055   15185   18 MAR 2016
Co X                                                0

Ni I     61  61  4303  5758     9663   732160  149925   29 OCT 2008
Ni II    61  61 10270 11429    55590  3645991  404556   23 OCT 2010 (21JAN17 *.all*)
Ni III   61  50 18655 19364    21251 11120833 1309729    3 FEB 2007
Ni IV    44  39 18343 19517     5659 17912731 1918070    1 JUN 2016 (typo in g*.com)
Ni V     46  41 10637 19238    10637 15622452 1971819   23 NOV 2009
Ni VI    61  61 13706 15792    12219 21466118 2211919   27 JUN 2016
Ni VII   73  73 24756 19567     3502 28328012  967466   25 JUN 2010
Ni VIII  73  73 12714  8903      758 12308126  602486   23 JUN 2010
Ni IX    85  86  7132  7032      253  2671345   79627   24 JUN 2010
Ni X     52  52  1365  1208      235   285029       0    2 JUL 2010

        config      levels   ________E1 lines__________
       even odd  even   odd  good wl    total  old good
Cu I     61  61   920  1260     5720    28112     496   11 JUN 2012
Cu II    61  61  4303  5758    14959   622985    4599   28 SEP 2011
Cu III   61  61 10270 11429    17539  5258607       0   15 MAR 2013
Cu IV    61  50 19364 17365     9559 15717162       0   25 SEP 2015
Cu V     44  39 18343 19517     6164 19912950       0   27 MAY 2016
Cu VI    46  41 18208 19238     4268 28428043       0   19 JUN 2016
Cu VII   61  61 13706 15660     2406 20890885       0   28 JUN 2016 
Cu VIII  61  61  6560  7526        0  7176844       0   15 JUN 2016
Cu IX    61  61  2094  2560        0  1245825       0   16 JUL 2016
Cu X     85  86   508  3002      159  2910966       0   28 MAY 2010

Zn I     72  72   566   681     6282    34135     135    4 JAN 2012
Zn II    61  61   926  1286      968    31563       6   13 JAN 2012
Zn III   61  61  4303  5758    12674   640536    3053   13 JAN 2012
Zn IV    61  61 10252 11429     7214  5715894       0   12 JUN 2016
Zn V     60  50 18353 19364     2544 13806567       0   16 JUN 2016
Zn VI    44  39 18343 19517     1614 21467731       0    3 JUN 2016
Zn VII   46  41 18208 19238     1498 24491877       0   24 JUN 2016
Zn VIII  61  61 13706 15660        3 21677814       0   13 JUL 2016
Zn IX    61  61  6560  7526        0  7226420       0   14 JUL 2016

Sr I     61  61   519   628    22686    42301      74    9 JUL 2012
Sr II    36  36   141   155      670     5993     132   24 JAN 2017
Sr III   49  50   389   376     2523    52884       0   17 MAR 2019
Sr IV    61  61   871   863     7715   268360       0   21 MAR 2019
Sr V     45  47  1601  1702     2517   845483       0    2 MAR 2019

Y I      61  61  1634  2141     5393    59226     330   12 DEC 2006 (10 AUG 2017 *.all* HY*)
Y II     69  65   806   930     7213   145597     186   30 SEP 2011
Y III    36  36   141   155      350     6122       0    6 JAN 2019
Y IV     49  50   389   376     2081    54406       0    9 FEB 2019
Y V      61  61   871   863     1444   274455       0    9 FEB 2019

Zr I     61  61  6560  7550     6200  5064270     699   20 JUN 2017
Zr II    61  61  1880  2141     1880  1026414     500   18 JUN 2017
Zr III   61  61   515   652     2360   117743       0   25 JUN 2017
Zr IV    36  36   141   155      138     8336       0   11 NOV 2018
Zr V     49  50   389   376     1061    55011       0    7 DEC 2018

Nb I     61  61 13706 15890    10760  7264287    1045   18 MAY 2017
Nb II    61  61  6560  7550    15048  8320614     306   28 MAY 2017
Nb III   61  61  1880  2141     4009  1050775       0   24 SEP 2017
Nb IV    61  61   515   652     4071   117822       0    5 FEB 2019
Nb V     36  36   141   155      355    10049       0   14 JAN 2019

Mo I     53  48 18322 19924    13848  3829733    2892   15 APR 2017
Mo II    61  61 13706 15890    13272 19869870     310    4 MAY 2017
Mo III   61  61  6560  7550    12387  9947505       0   19 SEP 2017
Mo IV    61  61  1880  2141     2804  1058760       0   23 SEP 2017
Mo V     61  61  
 
Tc I     44  39 18669 19652     8815  5096138       0    7 OCT 2017
Tc II    53  48 18322 19924      119 11149162       0   29 SEP 2017
Tc III   61  61 13786 15890        0 32046068       0   26 SEP 2017
Tc IV    61  61  6560  7570        0 10012365       0   21 SEP 2017
Tc V     61  61  1880  2141        0  1057551       0   25 SEP 2017

Ru I     60  50 17803 18850     8368  7627968     929    7 AUG 2017
Ru II    44  39 18669 19652     5410 15380475     117   10 JUL 2017
Ru III   53  48 18322 19924       70 23085495       0    1 SEP 2017
Ru IV    61  61 13706 15890        0 33857562       0    4 SEP 2017
Ru V     61  61  6560  7550        0 10821990       0    5 SEP 2017

Rh I     61  61 10386 13679     2332  3043408     442   19 AUG 2017
Rh II    60  50 17803 18850     1527 13817566      94   20 AUG 2017
Rh III   44  39 18669 19652     3969 28483809       0    6 SEP 2017
Rh IV    61  61 18322 19924        0 23058802       0    5 SEP 2017
Rh V     61  61 13766 15890        0 37530563       0    6 SEP 2017

Pd I     61  61  4295  5934     2996   571621      76    6 SEP 2017
Pd II    61  61 10346 13679     4558  5191374       4   22 SEP 2017
Pd III   60  50 17803 18850     2650 22586410       0   29 APR 2018
Pd IV    44  39 18669 19652     7056 28107316       0    3 NOV 2018
Pd V     61  61 18322 19924     3071 37530563       0   27 OCT 2018

Ba I     61  61   519   628     5933    66443     125   23 MAR 2017
Ba II    34  30    59    60      703     1422     162   23 MAR 2017